1 4
2 5
3 2
4 1
5 2
6 3
7 5
8 4
9 4
10 1
11 1
12 1
13 2
14 5
15 3
16 2
17 2
18 1
19 2
20 4
21 3
22 4
23 4
24 3
25 3
26 2
27 3
28 5
29 3
30 3
31 5
32 5
35 4
36 1
37 1
38 1
39 4
40 2
41 4
42 1
43 5
44 1
45 4
46 1
47 1
48 1
49 3
50 5
51 5
52 3
53 2
54 3
55 5
56 2
57 1
58 2
59 4
60 4
61 4
62 3
63 1
64 2
65 4
66 2
67 2
68 3
69 1
70 5
71 5
72 2
73 5
74 4
75 5
76 5
77 3
83 1
84 2
85 2
86 4
87 1
88 2
89 2
90 4
91 3
92 4
93 1
94 5
95 3
96 5
97 2
98 3
99 3
100 1
101 2
102 5
103 2
104 2
105 2
106 4
107 2
108 4
109 4
110 4
111 2
112 2
